16	-114	CCCTA	3
62	-504	ACCCA	3
69	-537	CAGAA	3
72	-552	AACGA	3
95	-747	GAACA	3
98	-762	CATCG	3
101	-777	CGCCG	3
119	-909	CCCCA	9
154	-1176	AACCT	3
159	-1185	ACCCA	3
162	-1194	CAGCT	3
165	-1209	CTCTA	3
182	-1374	ATCCA	3
185	-1389	CAGTA	3
191	-1449	GTCCA	3
194	-1458	CACGG	3
199	-1491	AATCA	3
253	-1983	CGGCA	3
256	-1992	CACCG	9
268	-2052	TAACA	3
271	-2067	CAGCG	3
280	-2154	TGCCA	3
287	-2181	CACTT	3
319	-2445	GACAA	3
326	-2484	CCCGA	3
346	-2610	CACAA	9
351	-2631	AATCA	3
354	-2652	CATCT	3
383	-2967	CGCAA	3
396	-3048	TAGCA	3
401	-3063	AACCC	3
426	-3270	CACGT	3
458	-3504	CATTA	3
463	-3549	GTCCA	3
470	-3588	CAGAA	3
479	-3627	CACAG	3
500	-3786	AAACA	3
503	-3795	CACGT	3
521	-3963	TACCA	9
524	-3972	CAGAA	3
549	-4209	CATCA	9
581	-4491	CAGCC	3
586	-4494	CACTC	3
590	-4500	CACGA	9
607	-4629	TCCCA	3
610	-4626	CACCT	9
618	-4668	CATGA	3
634	-4788	TACCT	3
643	-4851	GACCA	9
648	-4872	GACCC	3
652	-4866	CCCCG	3
661	-4911	CCCTA	3
677	-5049	CACAG	3
683	-5073	CTCAA	3
694	-5148	CACGT	3
700	-5178	CGCTA	3
703	-5199	TAGCA	3
706	-5220	CATCG	3
718	-5310	GACCA	9
721	-5319	CATAA	3
739	-5469	CATCG	3
792	-5928	GACTA	3
795	-5943	TACCC	3
815	-6057	CACAA	9
828	-6156	GAGCA	3
835	-6195	CTACA	3
838	-6198	CACAT	3
847	-6255	TACCA	9
855	-6321	CGTCA	3
858	-6336	CACTT	3
876	-6474	CGCCT	3
892	-6564	GACCT	3
905	-6663	CATAA	3
918	-6738	CATGA	3
925	-6789	CACCC	9
939	-6855	CTTCA	3
968	-7128	GACCG	3
972	-7140	GACGA	3
985	-7245	CAGCT	3
997	-7305	CTCAA	3
1021	-7473	CCCTA	3
1045	-7701	GACTA	3
1052	-7740	CACCA	15
1060	-7794	CAGCA	9
1064	-7806	AACCT	3
1069	-7833	GACTA	3
1103	-8163	CATTA	3
1116	-8268	CATCG	3
1126	-8364	CACTG	3
1148	-8556	AACCA	9
1161	-8661	CATGA	3
1180	-8778	GACTA	3
1201	-8931	CATTA	3
1215	-9009	CCCGA	3
1225	-9069	CGCCT	3
1232	-9108	CAGCG	3
1238	-9162	TGCCA	3
1258	-9348	AGCCA	3
1261	-9357	CAATA	3
1267	-9381	AACCG	3
1273	-9429	TATCA	3
1276	-9438	CACAG	3
1291	-9597	CTCAA	3
1305	-9711	CGGCA	3
1315	-9771	ACCCA	3
1318	-9768	CACCG	9
1325	-9813	CATAA	3
1328	-9828	AACCC	3
1333	-9819	CACAG	3
1342	-9870	CGCCA	9
1345	-9873	CACCG	9
1360	-10014	CATCT	3
1363	-10029	CTCCC	3
1372	-10080	CAGGA	3
1395	-10317	CTACA	3
1405	-10407	CGACA	3
1410	-10422	GACAA	3
1415	-10431	AACAA	3
1421	-10467	AATCA	3
1431	-10551	CTACA	3
1434	-10566	CAGCC	3
1438	-10572	CGCCA	9
1441	-10587	CATCT	3
1444	-10602	CTCTA	3
1448	-10620	AACTA	3
1468	-10782	CCGCA	3
1471	-10785	CACAG	3
1477	-10827	CAGTA	3
1480	-10842	TACAA	3
1515	-11163	TACCA	9
1554	-11478	GCCCA	3
1557	-11475	CACAT	3
1564	-11532	CATCC	3
1574	-11604	TATCA	3
1579	-11613	AACCA	9
1586	-11652	CACGT	3
1595	-11739	TACTA	3
1598	-11760	TAGCA	3
1601	-11763	CACAA	9
1626	-11976	GGCCA	3
1629	-11985	CATAA	3
1633	-12003	AAACA	3
1636	-12018	CAGCC	3
1647	-12075	AACAA	3
1652	-12084	CACTA	9
1675	-12297	CATAA	3
1683	-12351	GACCA	9
1731	-12771	CAGCT	3
1736	-12798	GACCA	9
1743	-12849	CTTCA	3
1753	-12921	CACTC	3
1757	-12927	CCCCT	3
1782	-13152	TTCCA	3
1785	-13155	CACCC	9
1788	-13152	CCCGA	3
1793	-13179	GACCT	3
1805	-13263	TGCCA	3
1808	-13266	CACAG	3
1826	-13416	GACTA	3
1866	-13782	GACCG	3
1878	-13854	TATCA	3
1881	-13875	CATGA	3
1886	-13908	TACAA	3
1912	-14094	GACCA	9
1915	-14103	CACGG	3
1928	-14220	TACCT	3
1933	-14235	CACTC	3
1954	-14370	TACGA	3
1980	-14610	CACTC	3
1985	-14613	AACAA	3
1997	-14715	GATCA	3
2006	-14802	TACCT	3
2029	-14979	CTCAA	3
2032	-14994	AAGCA	3
2035	-15003	CACTA	9
2041	-15057	GATCA	3
2064	-15240	CCCAA	3
2072	-15300	CGCCC	3
2077	-15297	CTCCA	9
2080	-15312	CATGA	3
2092	-15366	CACCA	15
2095	-15381	CAGCT	3
2098	-15396	CTCCC	3
2103	-15399	TACAA	3
2111	-15435	CGTCA	3
2114	-15450	CAACT	3
2125	-15525	GACGA	3
2147	-15723	TACAA	3
2154	-15768	AACCT	3
2163	-15855	GACCT	3
2166	-15858	CTCAA	3
2183	-16017	GACTA	3
2206	-16206	CTTCA	3
2221	-16347	CCCCA	9
2224	-16350	CATCA	9
2227	-16353	CACCA	15
2230	-16368	CAGCG	3
2235	-16395	CAGTA	3
2238	-16416	TACTA	3
2260	-16608	CACGT	3
2266	-16650	GACTA	3
2280	-16734	CCCTA	3
2290	-16782	CGCAA	3
2295	-16791	CACAG	3
2304	-16854	TACGA	3
2329	-17061	CGTCA	3
2332	-17070	CAAAA	3
2344	-17148	ACCCA	3
2347	-17151	CACGG	3
2391	-17601	CACGG	3
2401	-17685	AACCC	3
2454	-18162	TACCC	3
2466	-18222	TACAA	3
2469	-18231	AACGA	3
2472	-18252	GAGCA	3
2475	-18273	CAGCC	3
2479	-18285	CGACA	3
2483	-18297	AGCCA	3
2522	-18630	CTACA	3
2539	-18807	CATCG	3
2557	-18963	TACCT	3
2565	-19011	CAGCA	9
2570	-19044	TAGCA	3
2573	-19059	CATAA	3
2577	-19083	ATCCA	3
2580	-19086	CACCC	9
2583	-19083	CCCCT	3
2588	-19098	CTCCT	3
2630	-19488	GACTA	3
2662	-19782	CTCCT	3
2680	-19914	CATCG	3
2696	-20040	GACCG	3
2716	-20154	CAGCA	9
2757	-20613	AAGCA	3
2760	-20628	CATCA	9
2763	-20643	CAGAA	3
2768	-20670	CTCCG	3
2805	-20985	CCCTA	3
2818	-21078	AACTA	3
2830	-21168	CATCG	3
2848	-21282	AATCA	3
2851	-21297	CACTC	3
2871	-21447	CTCCG	3
2883	-21537	GTCCA	3
2886	-21552	CATCC	3
2891	-21561	GACCA	9
2894	-21576	CAGTA	3
2921	-21837	TACCT	3
2946	-22062	CGGCA	3
2952	-22086	ACCCA	3
2955	-22089	CAGAA	3
2958	-22104	AACGA	3
2965	-22149	AGCCA	3
2978	-22254	CTTCA	3
2981	-22269	CACGC	3
2994	-22362	CATAA	3
3008	-22434	AACCT	3
3033	-22665	TACCG	3
3036	-22674	CGCTA	3
3061	-22935	CTTCA	3
3080	-23118	TTCCA	3
3083	-23127	CACGG	3
3088	-23160	GACAA	3
3091	-23169	AACCC	3
3109	-23301	TTCCA	3
3126	-23424	CGCAA	3
3133	-23457	GCCCA	3
3136	-23454	CACAT	3
3149	-23529	CCCCA	9
3154	-23550	GATCA	3
3168	-23688	CGCTA	3
3187	-23841	TACCA	9
3196	-23892	CCCGA	3
3204	-23946	ATCCA	3
3207	-23955	CACGT	3
3227	-24147	CACCC	9
3232	-24150	CGCTA	3
3275	-24525	CGGCA	3
3278	-24546	CATGA	3
3331	-25005	CAGCC	3
3361	-25263	AACCG	3
3364	-25272	CGCTA	3
3372	-25308	AACCA	9
3392	-25470	CATGA	3
3399	-25515	GACCG	3
3410	-25620	GAACA	3
3418	-25668	TACCT	3
3425	-25707	CCCGA	3
3428	-25716	GACTA	3
3431	-25731	TAACA	3
3434	-25746	CATCG	3
3440	-25794	GACTA	3
3454	-25932	TATCA	3
3457	-25941	CAAAA	3
3460	-25956	AATCA	3
3464	-25968	AACCC	3
3467	-25959	CCCCA	9
3471	-25953	ACCCA	3
3474	-25956	CAGCA	9
3500	-26178	GACCA	9
3549	-26535	CGTCA	3
3552	-26544	CACAC	3
3557	-26541	CCCGA	3
3575	-26709	CTCGA	3
3645	-27429	TACCA	9
3648	-27438	CACTT	3
3663	-27555	CTCCG	3
3666	-27564	CGCCT	3
3677	-27663	GACCT	3
3726	-28032	AACCA	9
3729	-28029	CACAA	9
3732	-28038	AAACA	3
3735	-28041	CACCT	9
3750	-28182	TACCC	3
3753	-28185	CCGCA	3
3778	-28380	CTCCA	9
3781	-28395	CAGCT	3
3792	-28482	AACGA	3
3808	-28656	CGCCA	9
3831	-28833	CTCCC	3
3839	-28881	GACAA	3
3869	-29133	CTTCA	3
3873	-29151	AATCA	3
3876	-29172	CAGCT	3
3888	-29268	CACGA	9
3947	-29763	ATCCA	3
3956	-29814	CATGA	3
4015	-30303	CAGTA	3
4020	-30330	AACCC	3
4025	-30327	CGCCA	9
4028	-30330	CACAC	3
4032	-30342	CAGCT	3
4046	-30438	AAACA	3
4049	-30453	CAGCT	3
4055	-30477	CCCAA	3
